1
2
3
4
5
6
7
8
9
10
11
12
13
14
15
16
17
18
19
20
21
22
23
24
25
26
30
35
36
37
38
50
55
56
59
98
104
106
140
141
150
200
213
217
255
257
300
301
302
354
400
517
524
528
529
600
675
770
800
808
823
848
849
1000
1001
1006
1013
1015
1024
1031
1032
1033
1034
1102
1116
1117
1121
1337
2002
2003
2004
2005
2006
2008
2009
2032
2033
2100
2102
4103
4104
4611
4616
4624
4625
4634
4647
4648
4656
4657
4658
4660
4661
4662
4663
4672
4673
4674
4688
4689
4692
4697
4698
4699
4701
4704
4706
4719
4720
4728
4732
4738
4742
4765
4766
4768
4769
4771
4776
4778
4779
4781
4794
4799
4825
4898
4899
4904
4905
4909
5001
5007
5010
5012
5013
5038
5101
5136
5140
5142
5145
5156
5379
5723
5805
5829
5857
5859
5860
5861
6005
6006
6008
6038
6281
6416
7031
7036
7040
7045
8001
8002
8004
8007
11724
16403
16990
16991
20001
31017
40300
40301
40302